image: ero_complete.pgm
resolution: 0.050000
origin: [-120.320000, -87.770000, 0.000000]
negate: 0
occupied_thresh: 0.65
free_thresh: 0.196

