 List of published Points from Topic /clicked_point  
x: -12.4029121399
y: -5.85638189316
z: 0.00500297546387
x: -11.6743860245
y: -0.351283729076
z: 0.00618743896484
x: -11.7310142517
y: 5.86768484116
z: 0.00606918334961
